-1313962907
762608880
1528801184
1283220109
-1895072191
-1219970612
-159575965
-990571835
968698838
-326340373
1574113382
-163272654
-426454854
-1659250483
1776575076
-851626153
386806983
-13369206
-1754589112
167771703
243134796
911433432
925708918
1808323538
631365551
-1973915844
-131517657
516461888
-446394126
181742654
-1044679481
1643107330
495656819
544645382
-845524371
-1031881236
1972569027
607288719
1758041013
1041503480
-1851649088
-177790160
-201715606
1052408819
-1155221227
-929917378
-1757780315
-88675928
703816347
931581907
-855980087
78313667
659948115
313823891
-669134489
1279496785
1212246216
-803217519
1848820388
1779044586
1018657576
1154975266
981430732
865021488
1142445218
623540950
115437092
-2135582789
1529711243
1191514283
-214918817
-1713528156
-1713574023
125830899
1294442298
-381716689
-33190900
1730389550
-418218796
-1671099546
2056307111
614677899
-1697213659
-1049371181
352437620
1389831675
-1787005552
1642775562
-709418550
-1703923773
1216792608
-452324942
-269678182
-1474955
-39836937
-1886425872
-1128439414
1740211409
1359810332
976243747